# multiStroke
あ	20
ぁ	28	20
ぁ	31	20
い	17
いぇ	15	12
ぃ	28	20
ぃ	31	20
う	16
うぁ	11	25	20
うぃ	11	17
うぇ	11	12
うぉ	11	25	18
ぅ	28	16
ぅ	31	16
え	12
ぇ	28	12
ぇ	31	12
お	18
ぉ	28	18
ぉ	31	18
か	27	20
が	24	20
き	27	17
きゃ	27	15	20
きゅ	27	15	16
きぇ	27	15	12
きょ	27	15	18
ぎ	24	17
ぎゃ	24	15	20
ぎゅ	24	15	16
ぎぇ	24	15	12
ぎょ	24	15	18
く	27	16
く	32	16
くぁ	10	20
くぁ	27	11	20
くぃ	10	17
くぃ	27	11	17
くぇ	10	12
くぇ	27	11	12
くぉ	10	18
くぉ	27	11	18
ぐ	24	16
ぐぁ	24	11	20
ぐぃ	24	11	17
ぐぇ	24	11	12
ぐぉ	24	11	18
け	27	12
げ	24	12
こ	27	18
ご	24	18
さ	21	20
ざ	30	20
し	21	17
し	32	17
しゃ	21	15	20
しゃ	21	25	20
しゅ	21	15	16
しゅ	21	25	16
しぇ	21	15	12
しぇ	21	25	12
しょ	21	15	18
しょ	21	25	18
じ	30	17
じ	26	17
じゃ	30	15	20
じゃ	26	20
じゅ	30	15	16
じゅ	26	16
じぇ	30	15	12
じぇ	26	12
じょ	30	15	18
じょ	26	18
す	21	16
ず	30	16
せ	21	12
せ	32	12
ぜ	30	12
そ	21	18
ぞ	30	18
た	14	20
だ	22	20
ち	14	17
ち	32	25	17
ちゃ	14	15	20
ちゃ	32	15	20
ちゃ	32	25	20
ちゅ	14	15	16
ちゅ	32	25	16
ちゅ	32	15	16
ちぇ	14	15	12
ちぇ	32	15	12
ちぇ	32	25	12
ちょ	14	15	18
ちょ	32	15	18
ちょ	32	25	18
ぢ	22	17
ぢゃ	22	15	20
ぢゅ	22	15	16
ぢぇ	22	15	12
ぢょ	22	15	18
つ	14	16
つ	14	21	16
つぁ	14	21	20
つぃ	14	21	17
つぇ	14	21	12
つぉ	14	21	18
っ	28	14	16
っ	31	14	16
っ	99
づ	22	16
て	14	12
てぃ	14	25	17
てゅ	14	25	16
で	22	12
でぃ	22	25	17
でゅ	22	25	16
と	14	18
ど	22	18
な	35	20
に	35	17
にゃ	35	15	20
にゅ	35	15	16
にぇ	35	15	12
にょ	35	15	18
ぬ	35	16
ね	35	12
の	35	18
は	25	20
ば	34	20
ぱ	19	20
ひ	25	17
ひゃ	25	15	20
ひゅ	25	15	16
ひぇ	25	15	12
ひょ	25	15	18
び	34	17
びゃ	34	15	20
びゅ	34	15	16
びぇ	34	15	12
びょ	34	15	18
ぴ	19	17
ぴゃ	19	15	20
ぴゅ	19	15	16
ぴぇ	19	15	12
ぴょ	19	15	18
ふ	25	16
ふ	23	16
ふぁ	23	20
ふぃ	23	17
ふぇ	23	12
ふぉ	23	18
ぶ	34	16
ヴ	33	16
ヴぁ	33	20
ヴぃ	33	17
ヴぇ	33	12
ヴぉ	33	18
ぷ	19	16
へ	25	12
べ	34	12
ぺ	19	12
ほ	25	18
ぼ	34	18
ぽ	19	18
ま	36	20
み	36	17
みゃ	36	15	20
みゅ	36	15	16
みぇ	36	15	12
みょ	36	15	18
む	36	16
め	36	12
も	36	18
や	15	20
ゃ	28	15	20
ゃ	31	15	20
ゆ	15	16
ゅ	28	15	16
ゅ	31	15	16
よ	15	18
ょ	28	15	18
ょ	31	15	18
ら	13	20
り	13	17
りゃ	13	15	20
りゅ	13	15	16
りぇ	13	15	12
りょ	13	15	18
る	13	16
れ	13	12
ろ	13	18
わ	11	20
ゎ	28	11	20
ゎ	31	11	20
を	11	18
ん	35	35
ん	31	35
。	38
、	37
ー	41
