# multiStroke
あ	20
ぁ	15	20
ぁ	30	20
い	23
いぇ	18	22
ぃ	15	20
ぃ	30	20
う	24
うぁ	33	36	20
うぃ	33	23
うぇ	33	22
うぉ	33	36	21
ぅ	15	24
ぅ	30	24
え	22
ぇ	15	22
ぇ	30	22
お	21
ぉ	15	21
ぉ	30	21
か	29	20
が	25	20
き	29	23
きゃ	29	18	20
きゅ	29	18	24
きぇ	29	18	22
きょ	29	18	21
ぎ	25	23
ぎゃ	25	18	20
ぎゅ	25	18	24
ぎぇ	25	18	22
ぎょ	25	18	21
く	29	24
く	31	24
くぁ	34	20
くぁ	29	33	20
くぃ	34	23
くぃ	29	33	23
くぇ	34	22
くぇ	29	33	22
くぉ	34	21
くぉ	29	33	21
ぐ	25	24
ぐぁ	25	33	20
ぐぃ	25	33	23
ぐぇ	25	33	22
ぐぉ	25	33	21
け	29	22
げ	25	22
こ	29	21
ご	25	21
さ	28	20
ざ	39	20
し	28	23
し	31	23
しゃ	28	18	20
しゃ	28	36	20
しゅ	28	18	24
しゅ	28	36	24
しぇ	28	18	22
しぇ	28	36	22
しょ	28	18	21
しょ	28	36	21
じ	39	23
じ	35	23
じゃ	39	18	20
じゃ	35	20
じゅ	39	18	24
じゅ	35	24
じぇ	39	18	22
じぇ	35	22
じょ	39	18	21
じょ	35	21
す	28	24
ず	39	24
せ	28	22
せ	31	22
ぜ	39	22
そ	28	21
ぞ	39	21
た	27	20
だ	17	20
ち	27	23
ち	31	36	23
ちゃ	27	18	20
ちゃ	31	18	20
ちゃ	31	36	20
ちゅ	27	18	24
ちゅ	31	36	24
ちゅ	31	18	24
ちぇ	27	18	22
ちぇ	31	18	22
ちぇ	31	36	22
ちょ	27	18	21
ちょ	31	18	21
ちょ	31	36	21
ぢ	17	23
ぢゃ	17	18	20
ぢゅ	17	18	24
ぢぇ	17	18	22
ぢょ	17	18	21
つ	27	24
つ	27	28	24
つぁ	27	28	20
つぃ	27	28	23
つぇ	27	28	22
つぉ	27	28	21
っ	15	27	24
っ	30	27	24
っ	99
づ	17	24
て	27	22
てぃ	27	36	23
てゅ	27	36	24
で	17	22
でぃ	17	36	23
でゅ	17	36	24
と	27	21
ど	17	21
な	26	20
に	26	23
にゃ	26	18	20
にゅ	26	18	24
にぇ	26	18	22
にょ	26	18	21
ぬ	26	24
ね	26	22
の	26	21
は	36	20
ば	38	20
ぱ	19	20
ひ	36	23
ひゃ	36	18	20
ひゅ	36	18	24
ひぇ	36	18	22
ひょ	36	18	21
び	38	23
びゃ	38	18	20
びゅ	38	18	24
びぇ	38	18	22
びょ	38	18	21
ぴ	19	23
ぴゃ	19	18	20
ぴゅ	19	18	24
ぴぇ	19	18	22
ぴょ	19	18	21
ふ	36	24
ふ	46	24
ふぁ	46	20
ふぃ	46	23
ふぇ	46	22
ふぉ	46	21
ぶ	38	24
ヴ	32	24
ヴぁ	32	20
ヴぃ	32	23
ヴぇ	32	22
ヴぉ	32	21
ぷ	19	24
へ	36	22
べ	38	22
ぺ	19	22
ほ	36	21
ぼ	38	21
ぽ	19	21
ま	37	20
み	37	23
みゃ	37	18	20
みゅ	37	18	24
みぇ	37	18	22
みょ	37	18	21
む	37	24
め	37	22
も	37	21
や	18	20
ゃ	15	18	20
ゃ	30	18	20
ゆ	18	24
ゅ	15	18	24
ゅ	30	18	24
よ	18	21
ょ	15	18	21
ょ	30	18	21
ら	16	20
り	16	23
りゃ	16	18	20
りゅ	16	18	24
りぇ	16	18	22
りょ	16	18	21
る	16	24
れ	16	22
ろ	16	21
わ	33	20
ゎ	15	33	20
ゎ	30	33	20
を	33	21
ん	98
#ん	26	26
#ん	30	26
。	12
、	11
ー	13
