# multiStroke
あ	22
ぁ	11	22
ぁ	31	22
い	21
いぇ	18	20
ぃ	11	22
ぃ	31	22
う	12
うぁ	16	29	22
うぃ	16	21
うぇ	16	20
うぉ	16	29	23
ぅ	11	12
ぅ	31	12
え	20
ぇ	11	20
ぇ	31	20
お	23
ぉ	11	23
ぉ	31	23
か	25	22
が	35	22
き	25	21
きゃ	25	18	22
きゅ	25	18	12
きぇ	25	18	20
きょ	25	18	23
ぎ	35	21
ぎゃ	35	18	22
ぎゅ	35	18	12
ぎぇ	35	18	20
ぎょ	35	18	23
く	25	12
く	32	12
くぁ	10	22
くぁ	25	16	22
くぃ	10	21
くぃ	25	16	21
くぇ	10	20
くぇ	25	16	20
くぉ	10	23
くぉ	25	16	23
ぐ	35	12
ぐぁ	35	16	22
ぐぃ	35	16	21
ぐぇ	35	16	20
ぐぉ	35	16	23
け	25	20
げ	35	20
こ	25	23
ご	35	23
さ	28	22
ざ	30	22
し	28	21
し	32	21
しゃ	28	18	22
しゃ	28	29	22
しゅ	28	18	12
しゅ	28	29	12
しぇ	28	18	20
しぇ	28	29	20
しょ	28	18	23
しょ	28	29	23
じ	30	21
じ	38	21
じゃ	30	18	22
じゃ	38	22
じゅ	30	18	12
じゅ	38	12
じぇ	30	18	20
じぇ	38	20
じょ	30	18	23
じょ	38	23
す	28	12
ず	30	12
せ	28	20
せ	32	20
ぜ	30	20
そ	28	23
ぞ	30	23
た	26	22
だ	36	22
ち	26	21
ち	32	29	21
ちゃ	26	18	22
ちゃ	32	18	22
ちゃ	32	29	22
ちゅ	26	18	12
ちゅ	32	29	12
ちゅ	32	18	12
ちぇ	26	18	20
ちぇ	32	18	20
ちぇ	32	29	20
ちょ	26	18	23
ちょ	32	18	23
ちょ	32	29	23
ぢ	36	21
ぢゃ	36	18	22
ぢゅ	36	18	12
ぢぇ	36	18	20
ぢょ	36	18	23
つ	26	12
つ	26	28	12
つぁ	26	28	22
つぃ	26	28	21
つぇ	26	28	20
つぉ	26	28	23
っ	11	26	12
っ	31	26	12
っ	99
づ	36	12
て	26	20
てぃ	26	29	21
てゅ	26	29	12
で	36	20
でぃ	36	29	21
でゅ	36	29	12
と	26	23
ど	36	23
な	27	22
に	27	21
にゃ	27	18	22
にゅ	27	18	12
にぇ	27	18	20
にょ	27	18	23
ぬ	27	12
ね	27	20
の	27	23
は	29	22
ば	39	22
ぱ	19	22
ひ	29	21
ひゃ	29	18	22
ひゅ	29	18	12
ひぇ	29	18	20
ひょ	29	18	23
び	39	21
びゃ	39	18	22
びゅ	39	18	12
びぇ	39	18	20
びょ	39	18	23
ぴ	19	21
ぴゃ	19	18	22
ぴゅ	19	18	12
ぴぇ	19	18	20
ぴょ	19	18	23
ふ	29	12
ふ	15	12
ふぁ	15	22
ふぃ	15	21
ふぇ	15	20
ふぉ	15	23
ぶ	39	12
ヴ	33	12
ヴぁ	33	22
ヴぃ	33	21
ヴぇ	33	20
ヴぉ	33	23
ぷ	19	12
へ	29	20
べ	39	20
ぺ	19	20
ほ	29	23
ぼ	39	23
ぽ	19	23
ま	37	22
み	37	21
みゃ	37	18	22
みゅ	37	18	12
みぇ	37	18	20
みょ	37	18	23
む	37	12
め	37	20
も	37	23
や	18	22
ゃ	11	18	22
ゃ	31	18	22
ゆ	18	12
ゅ	11	18	12
ゅ	31	18	12
よ	18	23
ょ	11	18	23
ょ	31	18	23
ら	17	22
り	17	21
りゃ	17	18	22
りゅ	17	18	12
りぇ	17	18	20
りょ	17	18	23
る	17	12
れ	17	20
ろ	17	23
わ	16	22
ゎ	11	16	22
ゎ	31	16	22
を	16	23
ん	98
#ん	27	27
#ん	31	27
。	14
、	13
ー	24
