ゆ	10	16 
よ	10	26 
や	10	27 
ゅ	10	28	16 
ょ	10	28	26 
ゃ	10	28	27 
む	11	16 
み	11	17 
め	11	25 
も	11	26 
ま	11	27 
く	12	16 
き	12	17 
け	12	25 
こ	12	26 
か	12	27 
ぐ	12	28	16 
ぎ	12	28	17 
げ	12	28	25 
ご	12	28	26 
が	12	28	27 
ー	12	40 
う	13	16 
い	13	17 
え	13	25 
お	13	26 
あ	13	27 
ヴ	13	28	13	16 
ぅ	13	28	16 
ぃ	13	28	17 
ぇ	13	28	25 
ぉ	13	28	26 
ぁ	13	28	27 
ふ	14	16 
ひ	14	17 
へ	14	25 
ほ	14	26 
は	14	27 
ぴ	14	28	12 
ぷ	14	28	13 
ぷ	14	28	14	16 
ぴ	14	28	14	17 
ぺ	14	28	14	25 
ぽ	14	28	14	26 
ぱ	14	28	14	27 
ぶ	14	28	16 
び	14	28	17 
ぱ	14	28	22 
ぽ	14	28	23 
ぺ	14	28	24 
べ	14	28	25 
ぼ	14	28	26 
ば	14	28	27 
ゐ	20	17 
ゑ	20	25 
を	20	26 
わ	20	27 
ヴ	20	28	16 
ゔ	20	28	17 
ゎ	20	28	27 
す	21	16 
し	21	17 
せ	21	25 
そ	21	26 
さ	21	27 
ず	21	28	16 
じ	21	28	17 
ぜ	21	28	25 
ぞ	21	28	26 
ざ	21	28	27 
つ	22	16 
ち	22	17 
て	22	25 
と	22	26 
た	22	27 
づ	22	28	13 
っ	22	28	16 
ぢ	22	28	17 
づ	22	28	22	16 
で	22	28	25 
ど	22	28	26 
だ	22	28	27 
、	22	40 
ぬ	23	16 
に	23	17 
ね	23	25 
の	23	26 
な	23	27 
ん	23	28 
。	23	40 
る	24	16 
り	24	17 
れ	24	25 
ろ	24	26 
ら	24	27 
