ゆ	10	16 
よ	10	26 
や	10	27 
みぃ	10	28	15 
ゅ	10	28	16 
りょ	10	28	18 
みょ	10	28	19 
ょ	10	28	26 
ゃ	10	28	27 
りゅ	10	28	28 
みゅ	10	28	29 
みぇ	10	28	35 
りぇ	10	28	36 
りぃ	10	28	37 
りゃ	10	28	38 
みゃ	10	28	39 
む	11	16 
み	11	17 
め	11	25 
も	11	26 
ま	11	27 
く	12	16 
き	12	17 
け	12	25 
こ	12	26 
か	12	27 
ぐぉ	12	28	10 
くぉ	12	28	11 
ぐぃ	12	28	12	15 
くぉ	12	28	12	18 
ぐぉ	12	28	12	19 
くぅ	12	28	12	28 
ぐぅ	12	28	12	29 
ぐぇ	12	28	12	35 
くぇ	12	28	12	36 
くぃ	12	28	12	37 
くぁ	12	28	12	38 
ぐぁ	12	28	12	39 
ぐぃ	12	28	14 
ぎぃ	12	28	15 
ぐ	12	28	16 
ぎ	12	28	17 
きょ	12	28	18 
ぎょ	12	28	19 
ぐぅ	12	28	20 
くぅ	12	28	21 
げ	12	28	25 
ご	12	28	26 
が	12	28	27 
きゅ	12	28	28 
ぎゅ	12	28	29 
ぐぁ	12	28	30 
くぁ	12	28	31 
くぃ	12	28	32 
くぇ	12	28	33 
ぐぇ	12	28	34 
ぎぇ	12	28	35 
きぇ	12	28	36 
きぃ	12	28	37 
きゃ	12	28	38 
ぎゃ	12	28	39 
ー	12	40 
う	13	16 
い	13	17 
え	13	25 
お	13	26 
あ	13	27 
ぷぉ	13	28	10 
ヴぉ	13	28	11 
ぷぃ	13	28	13	15 
ヴ	13	28	13	16 
ヴぉ	13	28	13	18 
ぷぉ	13	28	13	19 
ヴゅ	13	28	13	28 
ぷゅ	13	28	13	29 
ぷぇ	13	28	13	35 
ヴぇ	13	28	13	36 
ヴぃ	13	28	13	37 
ヴぁ	13	28	13	38 
ぷぁ	13	28	13	39 
ぷぃ	13	28	14 
ぶぃ	13	28	15 
ぅ	13	28	16 
ぃ	13	28	17 
ふぉ	13	28	18 
ぶぉ	13	28	19 
ぷゅ	13	28	20 
ヴゅ	13	28	21 
ぇ	13	28	25 
ぉ	13	28	26 
ぁ	13	28	27 
ふゅ	13	28	28 
ぶゅ	13	28	29 
ぷぁ	13	28	30 
ヴぁ	13	28	31 
ヴぃ	13	28	32 
ヴぇ	13	28	33 
ぷぇ	13	28	34 
ぶぇ	13	28	35 
ふぇ	13	28	36 
ふぃ	13	28	37 
ふぁ	13	28	38 
ぶぁ	13	28	39 
ふ	14	16 
ひ	14	17 
へ	14	25 
ほ	14	26 
は	14	27 
ぴょ	14	28	11 
ぴ	14	28	12 
ぷ	14	28	13 
ぷ	14	28	14	16 
ぴ	14	28	14	17 
ぴょ	14	28	14	18 
ぺ	14	28	14	25 
ぽ	14	28	14	26 
ぱ	14	28	14	27 
ぴゅ	14	28	14	28 
ぴぇ	14	28	14	36 
ぴぃ	14	28	14	37 
ぴゃ	14	28	14	38 
びぃ	14	28	15 
ぶ	14	28	16 
び	14	28	17 
ひょ	14	28	18 
びょ	14	28	19 
ぴゅ	14	28	21 
ぱ	14	28	22 
ぽ	14	28	23 
ぺ	14	28	24 
べ	14	28	25 
ぼ	14	28	26 
ば	14	28	27 
ひゅ	14	28	28 
びゅ	14	28	29 
ぴゃ	14	28	31 
ぴぃ	14	28	32 
ぴぇ	14	28	33 
びぇ	14	28	35 
ひぇ	14	28	36 
ひぃ	14	28	37 
ひゃ	14	28	38 
びゃ	14	28	39 
ゐ	20	17 
ゑ	20	25 
を	20	26 
わ	20	27 
にぃ	20	28	15 
ヴ	20	28	16 
ゔ	20	28	17 
うぉ	20	28	18 
にょ	20	28	19 
ゎ	20	28	27 
うぅ	20	28	28 
にゅ	20	28	29 
にぇ	20	28	35 
うぇ	20	28	36 
うぃ	20	28	37 
うぁ	20	28	38 
にゃ	20	28	39 
す	21	16 
し	21	17 
せ	21	25 
そ	21	26 
さ	21	27 
じぃ	21	28	15 
ず	21	28	16 
じ	21	28	17 
しょ	21	28	18 
じょ	21	28	19 
ぜ	21	28	25 
ぞ	21	28	26 
ざ	21	28	27 
しゅ	21	28	28 
じゅ	21	28	29 
じぇ	21	28	35 
しぇ	21	28	36 
しぃ	21	28	37 
しゃ	21	28	38 
じゃ	21	28	39 
つ	22	16 
ち	22	17 
て	22	25 
と	22	26 
た	22	27 
づぉ	22	28	10 
ぢょ	22	28	11 
づ	22	28	13 
でぃ	22	28	14 
てぃ	22	28	15 
っ	22	28	16 
ぢ	22	28	17 
ちょ	22	28	18 
つぉ	22	28	19 
でゅ	22	28	20 
ぢゅ	22	28	21 
でぃ	22	28	22	15 
づ	22	28	22	16 
ぢょ	22	28	22	18 
づぉ	22	28	22	19 
ぢゅ	22	28	22	28 
でゅ	22	28	22	29 
づぇ	22	28	22	35 
ぢぇ	22	28	22	36 
ぢぃ	22	28	22	37 
ぢゃ	22	28	22	38 
づぁ	22	28	22	39 
で	22	28	25 
ど	22	28	26 
だ	22	28	27 
ちゅ	22	28	28 
てゅ	22	28	29 
づぁ	22	28	30 
ぢゃ	22	28	31 
ぢぃ	22	28	32 
ぢぇ	22	28	33 
づぇ	22	28	34 
つぇ	22	28	35 
ちぇ	22	28	36 
ちぃ	22	28	37 
ちゃ	22	28	38 
つぁ	22	28	39 
、	22	40 
ぬ	23	16 
に	23	17 
ね	23	25 
の	23	26 
な	23	27 
ん	23	28 
。	23	40 
る	24	16 
り	24	17 
れ	24	25 
ろ	24	26 
ら	24	27 
